0.000000 0.000000
0.060000 -0.331416
0.120000 -0.606528
0.180000 -0.826632
0.240000 -0.993024
0.300000 -1.107000
0.360000 -1.169856
0.420000 -1.182888
0.480000 -1.147392
0.540000 -1.064664
0.600000 -0.936000
0.660000 -0.762696
0.720000 -0.546048
0.780000 -0.287352
0.840000 0.012096
0.900000 0.351000
0.960000 0.728064
1.020000 1.141992
1.080000 1.591488
1.140000 2.075256
1.200000 2.592000
1.260000 3.140424
1.320000 3.719232
1.380000 4.327128
1.440000 4.962816
1.500000 5.625000
1.560000 6.312384
1.620000 7.023672
1.680000 7.757568
1.740000 8.512776
1.800000 9.288000
1.860000 10.081944
1.920000 10.893312
1.980000 11.720808
2.040000 12.563136
2.100000 13.419000
2.160000 14.287104
2.220000 15.166152
2.280000 16.054848
2.340000 16.951896
2.400000 17.856000
2.460000 18.765864
2.520000 19.680192
2.580000 20.597688
2.640000 21.517056
2.700000 22.437000
2.760000 23.356224
2.820000 24.273432
2.880000 25.187328
2.940000 26.096616
3.000000 27.000000
3.060000 27.896184
3.120000 28.783872
3.180000 29.661768
3.240000 30.528576
3.300000 31.383000
3.360000 32.223744
3.420000 33.049512
3.480000 33.859008
3.540000 34.650936
3.600000 35.424000
3.660000 36.176904
3.720000 36.908352
3.780000 37.617048
3.840000 38.301696
3.900000 38.961000
3.960000 39.593664
4.020000 40.198392
4.080000 40.773888
4.140000 41.318856
4.200000 41.832000
4.260000 42.312024
4.320000 42.757632
4.380000 43.167528
4.440000 43.540416
4.500000 43.875000
4.560000 44.169984
4.620000 44.424072
4.680000 44.635968
4.740000 44.804376
4.800000 44.928000
4.860000 45.005544
4.920000 45.035712
4.980000 45.017208
5.040000 44.948736
5.100000 44.829000
5.160000 44.656704
5.220000 44.430552
5.280000 44.149248
5.340000 43.811496
5.400000 43.416000
5.460000 42.961464
5.520000 42.446592
5.580000 41.870088
5.640000 41.230656
5.700000 40.527000
5.760000 39.757824
5.820000 38.921832
5.880000 38.017728
5.940000 37.044216
6.000000 36.000000
