0.000000 3.000000
0.070000 3.724810
0.140000 4.402659
0.210000 5.036489
0.280000 5.629175
0.350000 6.183530
0.420000 6.702301
0.490000 7.188173
0.560000 7.643761
0.630000 8.071621
0.700000 8.474240
0.770000 8.854043
0.840000 9.213389
0.910000 9.554572
0.980000 9.879823
1.050000 10.191306
1.120000 10.491124
1.190000 10.781310
1.260000 11.063836
1.330000 11.340610
1.400000 11.613472
1.470000 11.884200
1.540000 12.154507
1.610000 12.426039
1.680000 12.700380
1.750000 12.979048
1.820000 13.263498
1.890000 13.555117
1.960000 13.855230
2.030000 14.165097
2.100000 14.485913
2.170000 14.818807
2.240000 15.164846
2.310000 15.525029
2.380000 15.900294
2.450000 16.291512
2.520000 16.699488
2.590000 17.124966
2.660000 17.568623
2.730000 18.031071
2.800000 18.512858
2.870000 19.014468
2.940000 19.536319
3.010000 20.078765
3.080000 20.642095
3.150000 21.226534
3.220000 21.832241
3.290000 22.459312
3.360000 23.107777
3.430000 23.777601
3.500000 24.468687
3.570000 25.180869
3.640000 25.913921
3.710000 26.667548
3.780000 27.441393
3.850000 28.235034
3.920000 29.047983
3.990000 29.879689
4.060000 30.729535
4.130000 31.596840
4.200000 32.480858
4.270000 33.380779
4.340000 34.295727
4.410000 35.224762
4.480000 36.166880
4.550000 37.121012
4.620000 38.086022
4.690000 39.060713
4.760000 40.043822
4.830000 41.034019
4.900000 42.029913
4.970000 43.030045
5.040000 44.032894
5.110000 45.036873
5.180000 46.040330
5.250000 47.041548
5.320000 48.038748
5.390000 49.030083
5.460000 50.013643
5.530000 50.987452
5.600000 51.949472
5.670000 52.897598
5.740000 53.829660
5.810000 54.743426
5.880000 55.636596
5.950000 56.506806
6.020000 57.351631
6.090000 58.168576
6.160000 58.955085
6.230000 59.708535
6.300000 60.426240
6.370000 61.105449
6.440000 61.743345
6.510000 62.337049
6.580000 62.883613
6.650000 63.380030
6.720000 63.823223
6.790000 64.210053
6.860000 64.537315
6.930000 64.801742
